;mean_essai_sem;delta_to_hours;interval;moyenne_par_interval
0;23.7288213317;0.0;1;19.2703021096
1;21.8084584878;0.0;1;19.2703021096
2;16.6932900177;0.0;1;19.2703021096
3;14.8769265726;0.0;1;19.2703021096
4;17.4396478608;0.0;1;19.2703021096
5;21.0746683869;0.0;1;19.2703021096
6;21.8084584878;0.180017058377;1;19.2703021096
7;21.0746683869;0.198626388889;1;19.2703021096
8;17.4396478608;0.202359166667;1;19.2703021096
9;14.8769265726;0.208335555556;1;19.2703021096
10;16.6932900177;0.208835;1;19.2703021096
11;23.7288213317;0.269853055556;1;19.2703021096
12;17.5148907924;4.13300333333;5;19.9274413194
10;17.1117907257;4.1363675;5;19.9274413194
14;17.6229872625;4.14274944427;5;19.9274413194
15;21.948434139;4.14453555556;5;19.9274413194
16;19.539254359;4.15296972222;5;19.9274413194
17;25.827290638;4.29257166667;5;19.9274413194
18;18.8465586319;8.06722527778;9;19.0437209978
19;17.4992597352;8.07443222222;9;19.0437209978
20;17.4449352195;8.08009777778;9;19.0437209978
21;17.0137061715;8.08055027778;9;19.0437209978
22;19.9553666421;8.08150472222;9;19.0437209978
23;23.5024995866;8.30809666667;9;19.0437209978
24;17.6505846027;12.0145836111;10;18.8841229554
25;21.3060312918;12.0150744444;10;18.8841229554
26;16.8758609925;12.01843;10;18.8841229554
27;17.390356519;12.0208405556;10;18.8841229554
28;21.197781371;12.3179005556;10;18.8841229554
29;17.5322041278;15.9399608333;16;18.1952498056
30;20.2910387255;15.9415466667;16;18.1952498056
31;18.1276465159;15.9459602778;16;18.1952498056
32;16.8301098534;15.9470377778;16;18.1952498056
33;20.0413640283;16.32493;17;20.0413640283
34;19.220018868;17.8321411111;18;19.220018868
35;17.2630065859;19.8849091667;20;17.9660008964
36;19.5781933181;19.88863;20;17.9660008964
37;16.8641581924;19.8919897222;20;17.9660008964
38;18.1586454891;19.89201;20;17.9660008964
39;20.6678750171;20.3021330556;21;20.6678750171
40;20.4339753397;21.8243461111;22;20.4339753397
41;20.4753866604;23.8167366667;24;17.9693744501
42;17.5366572456;23.8301447222;24;17.9693744501
43;16.8505995452;23.8324305556;24;17.9693744501
44;17.0148543493;23.8364333333;24;17.9693744501
45;21.4794148985;24.3323572222;25;21.4794148985
46;18.9804820096;25.7574033333;26;18.9804820096
47;18.1795880249;27.7674336111;28;19.1982615004
48;19.9349319131;27.76899;28;19.1982615004
49;21.6892527287;27.7693327778;28;19.1982615004
50;16.9892733351;27.7713136111;28;19.1982615004
51;20.0106195091;28.3204594444;29;20.0106195091
52;18.2426932939;29.7118508333;30;18.2426932939
53;17.7356279654;31.6688113889;32;19.0572692454
54;22.9642251637;31.6969019444;32;19.0572692454
55;16.9313768809;31.6969147222;32;19.0572692454
56;18.5978469715;31.7156536111;32;19.0572692454
57;20.203959299;32.3487375;33;20.203959299
58;18.0207468672;33.6465866667;34;18.0207468672
59;17.2394626252;35.6285477778;36;18.8709064874
60;18.3231690788;35.6378122222;36;18.8709064874
61;21.6372740214;35.6420916667;36;18.8709064874
62;18.2837202242;35.6439919444;36;18.8709064874
63;17.087036033;36.3232341667;37;17.087036033
64;17.7755005244;37.5988522222;38;17.7755005244
65;16.8797531019;39.5633563889;40;18.2721656524
66;18.5277472437;39.5712341667;40;18.2721656524
67;19.4089966117;39.5772866667;40;18.2721656524
68;17.5525512705;40.3695486111;41;17.5525512705
69;17.8443087953;41.5452627778;42;17.8443087953
70;19.2081300899;42.1634625;43;19.2081300899
71;17.7583355471;43.5180727778;44;17.4358628933
72;16.6207217741;43.5208902778;44;17.4358628933
73;17.9285313586;43.5243111111;44;17.4358628933
74;16.8476820498;44.3464466667;45;16.8476820498
75;18.4529583502;45.4762916667;46;18.4529583502
76;23.8724128328;46.0851797222;47;23.8724128328
77;16.8412681718;47.4447894444;48;17.9219403597
78;18.3862521962;47.4560994444;48;17.9219403597
79;18.5383007112;47.4728338889;48;17.9219403597
80;17.5408487395;48.3753402778;49;17.5408487395
81;18.4143493074;49.4233227778;50;18.4143493074
82;22.1163393266;51.1149775;52;19.072068657
83;17.4106373243;51.3847808333;52;19.072068657
84;18.3446440286;51.3916625;52;19.072068657
85;18.4166539485;51.3975183333;52;19.072068657
86;18.936437212;52.3595313889;53;18.936437212
87;18.6886854268;53.3799494444;54;18.6886854268
88;21.0995115723;55.0412327778;56;19.0602092549
89;19.0179597706;55.3286905556;56;19.0602092549
90;17.5623905343;55.3322305556;56;19.0602092549
91;18.5609751424;55.3365516667;56;19.0602092549
92;19.5527958807;56.3968622222;57;19.5527958807
93;19.4028937582;57.3194075;58;19.4028937582
94;21.4283819887;58.9920833333;59;21.4283819887
95;17.5606034523;59.2683508333;60;18.4248880239
96;18.5444693115;59.2692875;60;18.4248880239
97;19.1695913079;59.2852688889;60;18.4248880239
98;20.271447089;60.4034102778;61;20.271447089
99;18.7581041485;61.2690994444;62;18.7581041485
100;19.4155602532;62.9178166667;63;19.4155602532
101;17.6109686436;63.1901175;64;18.0875825788
102;18.1932684071;63.2068197222;64;18.0875825788
103;18.4585106856;63.2328555556;64;18.0875825788
104;14.2741724798;64.3795027778;65;14.2741724798
105;17.8924390198;65.2158244444;66;17.8924390198
106;20.915767832;66.8563636111;67;20.915767832
107;18.3142609383;67.1315825;68;18.6989802736
108;19.3882826743;67.1455622222;68;18.6989802736
109;18.3943972081;67.1631077778;68;18.6989802736
110;13.643932686;68.4187322222;69;13.643932686
111;19.3644074418;69.1490602778;70;19.3644074418
112;18.936707828;70.7787005556;71;18.936707828
113;18.0450521473;71.0857947222;72;18.0563078463
114;17.6711298175;71.0926686111;72;18.0563078463
115;18.4527415741;71.1004808333;72;18.0563078463
116;13.1444158923;72.4188183333;73;13.1444158923
117;18.453702109;73.1018391667;74;18.453702109
118;21.113199094;74.7382044444;75;21.113199094
119;18.2378247825;75.0199438889;76;18.3123380576
120;19.3486402078;75.0269591667;76;18.3123380576
121;17.3505491826;75.0490355556;76;18.3123380576
122;12.0701319885;76.4057902778;77;12.0701319885
123;18.0269784158;77.0560327778;78;18.0269784158
124;19.6174405425;78.6550530556;79;18.8394303868
125;18.9208729826;78.95356;79;18.8394303868
126;19.2309619593;78.9626836111;79;18.8394303868
127;17.5884460627;78.9948105556;79;18.8394303868
128;12.9364716151;80.4096102778;81;15.6189391264
129;18.3014066377;80.9821630556;81;15.6189391264
130;22.0293081739;82.6157247222;83;20.6076106377
131;20.1299623969;82.8959647222;83;20.6076106377
132;19.8687532843;82.9019786111;83;20.6076106377
133;20.4024186956;82.9216958333;83;20.6076106377
134;14.9464248398;84.4436919444;85;15.9646491735
135;16.9828735071;84.9368661111;85;15.9646491735
136;19.7531878034;86.5475608333;87;19.2442504014
137;19.3204733839;86.8334327778;87;19.2442504014
138;19.2396967468;86.8399466667;87;19.2442504014
139;18.6635978952;86.8705161111;87;19.2442504014
140;12.883724838;88.4435469444;89;15.5845405983
141;18.2853105823;88.8867044444;89;15.5845405983
142;23.3214781444;90.4805475;91;19.4110836346
143;17.6845791327;90.7748102778;91;19.4110836346
144;18.4421493427;90.7814327778;91;19.4110836346
145;18.1961279185;90.81028;91;19.4110836346
146;12.4975565438;92.4520052778;93;15.1590647705
147;17.8205729972;92.8450858333;93;15.1590647705
148;22.3651025503;94.4096211111;95;19.8888127848
149;18.8151019304;94.7095630556;95;19.8888127848
150;18.4862338736;94.7676155556;95;19.8888127848
151;12.575009922;96.4625641667;97;15.4268798582
152;18.2787497945;96.7897486111;97;15.4268798582
153;20.6516437377;98.3713283333;99;19.5095412052
154;19.7539321552;98.6555086111;99;19.5095412052
155;18.1230477227;98.7002175;99;19.5095412052
156;11.746136423;100.468169722;101;14.7208896377
157;17.6956428523;100.730413333;101;14.7208896377
158;20.6055109724;102.31735;103;19.6445155575
159;20.0785436701;102.600225;103;19.6445155575
160;18.2494920298;102.629393611;103;19.6445155575
161;11.8226063995;104.466585278;105;15.2127802427
162;18.6029540858;104.669832222;105;15.2127802427
163;21.950054895;106.224750278;107;19.600549558
164;19.2753382767;106.540068611;107;19.600549558
165;17.5762555022;106.578658056;107;19.600549558
166;13.2765770235;108.505977222;109;14.9500957508
167;16.6236144781;108.620511111;109;14.9500957508
168;21.445826128;110.173125;111;19.5456134875
169;17.645400847;110.5243825;111;19.5456134875
170;13.3390334676;112.487064167;113;15.1036393285
171;16.8682451895;112.577733056;113;15.1036393285
172;21.1436845505;114.108089167;115;19.2568142888
173;17.369944027;114.460693333;115;19.2568142888
174;13.9621357715;116.4937875;117;16.0856535208
175;18.2091712701;116.500646111;117;16.0856535208
176;20.9306804935;118.0143075;119;18.9830316917
177;17.0353828898;118.401779444;119;18.9830316917
178;17.9346891756;120.449360833;121;17.9346891756
179;20.2027741262;121.9950925;122;20.2027741262
180;16.8624770918;122.350373056;123;16.8624770918
181;17.6471658828;124.397911111;125;17.6471658828
182;22.9160708257;125.935879444;126;22.9160708257
183;17.3114016946;126.291891667;127;17.3114016946
184;18.9223289475;128.361183611;129;18.9223289475
185;21.3921569654;129.888352778;130;21.3921569654
186;17.9026994194;130.215243611;131;17.9026994194
187;16.8020447384;132.291111389;133;16.8020447384
188;21.845842859;133.832519722;134;21.845842859
189;17.4202616713;134.18495;135;17.4202616713
190;18.3264510452;136.257215556;137;18.3264510452
191;21.935192384;137.748445;138;21.935192384
192;17.4928615029;140.192721667;141;17.4928615029
193;19.5454756952;141.684902222;142;19.5454756952
194;20.2755966432;144.131801944;145;20.2755966432
195;22.3021213492;145.608833611;146;22.3021213492
196;19.3823218113;148.103849722;149;19.3823218113
197;20.9608583803;149.573119722;150;20.9608583803
198;21.6002787195;152.044090278;153;21.6002787195
199;23.3460566967;153.531992778;154;23.3460566967
200;19.2711928116;155.955999167;156;19.2711928116
201;22.9250544384;157.4589725;158;22.9250544384
